2,24,0.002256,176,0.021211,0.000856,2.41488e-15,0.025754,4.64881e-15
4,49,0.004473,170,0.020472,0.000851,2.05381e-15,0.025694,4.05242e-15
6,72,0.00673,179,0.022278,0.000833,3.16576e-15,0.025646,4.98813e-15
8,92,0.008429,171,0.020918,0.000858,3.18029e-15,0.025364,4.36773e-15
10,106,0.009522,169,0.020484,0.000859,2.19416e-15,0.0253,5.62925e-15
12,125,0.011603,143,0.017359,0.000848,4.85654e-15,0.025184,5.10198e-15
14,138,0.012388,159,0.020064,0.000867,2.99131e-15,0.025566,5.72212e-15
16,161,0.014478,158,0.018932,0.000842,3.01977e-15,0.025281,6.53066e-15
18,180,0.016276,133,0.016039,0.000839,3.1806e-15,0.025141,6.01027e-15
20,198,0.018113,169,0.019745,0.000813,3.93482e-15,0.024358,7.65393e-15
22,207,0.018715,134,0.016503,0.000885,3.09989e-15,0.025299,7.71573e-15
24,206,0.018634,148,0.017838,0.000845,3.95783e-15,0.025236,1.10027e-14
26,238,0.02145,135,0.016491,0.000885,4.45041e-15,0.025192,9.11874e-15
28,257,0.023559,149,0.018259,0.000873,4.66414e-15,0.025009,8.86311e-15
30,258,0.023451,138,0.016686,0.000836,5.24903e-15,0.024984,8.86059e-15
32,268,0.023732,151,0.018261,0.00088,9.01961e-15,0.025806,8.03431e-15
34,286,0.026571,145,0.017089,0.000877,4.76951e-15,0.024575,9.35014e-15
36,302,0.027196,159,0.018578,0.000821,4.47833e-15,0.024383,1.05073e-14
38,288,0.025084,141,0.017369,0.000818,4.53416e-15,0.024664,1.96295e-14
40,316,0.027697,133,0.015824,0.000828,4.83717e-15,0.025629,1.66804e-14
42,250,0.022459,149,0.017841,0.000855,9.5078e-15,0.02511,1.60866e-14
44,341,0.031381,135,0.016806,0.000873,1.05848e-14,0.026005,1.081e-14
46,328,0.030066,155,0.019296,0.000892,1.20955e-14,0.025751,1.27497e-14
48,347,0.033627,147,0.018689,0.000871,9.57824e-15,0.025514,7.35891e-15
50,354,0.03188,139,0.01677,0.000832,8.04109e-15,0.02503,1.38712e-14
52,348,0.031581,141,0.017239,0.000913,6.71864e-15,0.025124,1.05338e-14
54,374,0.033748,145,0.017722,0.00088,4.5589e-15,0.02544,7.93096e-15
56,371,0.033908,139,0.017137,0.000832,1.99064e-14,0.025462,1.63358e-14
58,373,0.033858,124,0.015062,0.000847,7.04821e-15,0.025182,8.17956e-15
60,390,0.035113,130,0.015675,0.000829,5.53178e-15,0.025155,1.15587e-14
62,401,0.036624,141,0.017073,0.000879,8.39954e-15,0.025002,1.08422e-14
64,387,0.035705,153,0.018687,0.000878,2.14848e-14,0.025695,9.66665e-15
66,402,0.036586,139,0.016734,0.000847,1.23813e-14,0.025174,2.08519e-14
68,408,0.037373,141,0.017362,0.00087,5.74117e-15,0.025524,1.00293e-14
70,424,0.038165,131,0.01598,0.000854,6.42017e-15,0.025204,1.33287e-14
72,431,0.03881,145,0.017742,0.000878,6.1956e-15,0.025841,1.25978e-14
74,415,0.038188,140,0.017276,0.000872,7.63398e-15,0.025682,1.4088e-14
76,417,0.037376,131,0.015808,0.000849,1.32097e-14,0.025335,1.22632e-14
78,406,0.037635,137,0.017043,0.00086,8.64685e-15,0.026129,2.12537e-14
80,440,0.040246,154,0.019166,0.000915,9.75612e-15,0.025479,4.13183e-14
82,450,0.040374,135,0.016431,0.000912,1.92588e-14,0.025073,2.02609e-14
84,436,0.053898,143,0.018131,0.000861,7.00912e-15,0.025779,1.45762e-14
86,467,0.041917,135,0.016312,0.000877,8.6379e-15,0.025194,2.93815e-14
88,433,0.039453,130,0.015807,0.000871,5.96093e-15,0.025908,1.2804e-14
90,476,0.042807,157,0.018965,0.000874,1.19759e-14,0.025313,2.03762e-14
92,400,0.036264,125,0.015231,0.000856,3.07222e-14,0.025005,1.46234e-14
94,464,0.042537,145,0.017704,0.000837,9.38293e-15,0.025811,2.42124e-14
96,468,0.044045,139,0.016928,0.000863,1.69013e-14,0.025481,1.86522e-14
98,450,0.042032,143,0.017758,0.000859,8.75163e-15,0.0257,4.11075e-14
100,468,0.043349,141,0.017406,0.000854,6.37552e-15,0.025657,2.59435e-14
150,558,0.049185,127,0.015056,0.00086,3.41957e-14,0.025798,2.33407e-14
200,610,0.055087,149,0.017938,0.000867,4.78195e-14,0.026189,4.43146e-14
250,632,0.05598,163,0.019184,0.000854,1.59884e-14,0.025375,2.75075e-14
300,623,0.057124,151,0.018127,0.000883,2.94433e-14,0.026203,2.85288e-14
350,653,0.058551,135,0.015967,0.000914,4.45965e-14,0.025757,5.11557e-14
400,648,0.057042,139,0.016367,0.000831,1.57811e-14,0.02645,5.702e-14
450,689,0.060218,143,0.016949,0.000815,7.76676e-14,0.024464,7.22344e-14
500,718,0.063637,127,0.015605,0.000876,3.18605e-14,0.026605,7.99639e-14
550,735,0.066579,159,0.019231,0.000872,1.05337e-13,0.025925,6.34951e-14
600,729,0.06471,129,0.015158,0.000852,2.49837e-14,0.025371,3.31966e-14
650,694,0.060926,141,0.016782,0.000914,1.65971e-14,0.025566,1.75114e-13
700,759,0.067103,127,0.015033,0.000853,5.45216e-14,0.026307,3.48806e-14
750,780,0.071363,141,0.016759,0.000839,1.02292e-13,0.025788,2.63627e-14
800,758,0.067662,129,0.015649,0.000885,1.08234e-13,0.025909,5.21992e-14
850,757,0.068272,145,0.017429,0.000879,5.92272e-14,0.025279,3.24145e-13
900,783,0.070531,139,0.017074,0.000863,9.21133e-14,0.025576,5.66201e-14
950,804,0.069387,155,0.017748,0.000822,1.06144e-13,0.025244,1.73086e-13
1000,756,0.066882,133,0.016158,0.000861,1.85694e-14,0.025779,7.25511e-14
1200,815,0.072323,131,0.015834,0.000856,2.80141e-13,0.025763,1.86763e-13
1400,811,0.073357,125,0.015445,0.000874,2.51675e-14,0.025734,1.37991e-13
1600,831,0.07552,147,0.017896,0.000859,1.17125e-13,0.025842,2.63598e-13
1800,843,0.078408,161,0.019344,0.000834,1.95312e-13,0.025585,1.61621e-13
2000,804,0.073315,149,0.018057,0.000853,1.23533e-13,0.0254,5.14e-13
2200,946,0.086948,133,0.016487,0.000872,1.77367e-14,0.027087,4.98967e-13
2400,843,0.076566,137,0.016858,0.00086,5.74785e-13,0.027098,2.89495e-14
2600,847,0.077723,141,0.017663,0.00089,2.2648e-13,0.033279,4.95497e-14
2800,964,0.086162,125,0.015001,0.000844,1.71231e-13,0.024865,1.8491e-13
3000,914,0.083007,157,0.019289,0.000862,1.0807e-12,0.026247,2.37382e-13
3200,935,0.085051,127,0.015492,0.000835,2.4547e-13,0.02548,5.80902e-13
3400,1191,0.108277,139,0.016367,0.00085,1.68285e-13,0.025998,1.06268e-12
3600,1941,0.171827,127,0.015236,0.000849,3.27124e-13,0.025364,1.89928e-13
3800,20102,1.78778,139,0.016421,0.000822,2.30549e-13,0.024897,1.32557e-12
4000,2040,0.182624,128,0.015925,0.000859,1.09751e-12,0.02571,2.33413e-13
4200,3595,0.327371,143,0.016996,0.000847,6.28906e-13,0.024686,3.51258e-13
4400,6011,0.54078,137,0.016174,0.000813,9.06294e-14,0.024577,1.77424e-12
4600,921869,83.9182,153,0.018233,0.000858,2.71451e-13,0.026037,1.34281e-12
4800,31532,2.83207,131,0.015946,0.000886,2.73022e-13,0.025278,4.46035e-13
5000,132852,12.0176,129,0.015611,0.000836,2.45763e-13,0.025634,5.41853e-13
5200,3043597,271.519,124,0.015089,0.00086,1.30543e-12,0.025618,8.12067e-13
