11,89.9,0.0006276,11,0.0001336,0,1.77e-05,2.05e-05,2.51293e-16,0.0004265,5.23119e-16,0.0011178,4.41615
12,92,0.0007968,12.1,0.000186,0,2.37e-05,2.58e-05,2.33731e-16,0.0005506,5.88656e-16,0.0016346,4.22388
12,92.3,0.0007386,12.1,0.0001661,0,1.95e-05,2e-05,3.34495e-16,0.000567,6.8694e-16,0.0014314,4.53651
13,95.3,0.0007456,13.2,0.0001998,0,2.26e-05,2.24e-05,1.69968e-16,0.0005383,5.94728e-16,0.0015836,4.25565
13,94.3,0.0006818,13.2,0.0001708,0,1.97e-05,2.31e-05,2.79515e-16,0.0005289,7.1521e-16,0.0014694,4.58478
14,95.4,0.0007406,14.3,0.0001909,0,2.03e-05,2.45e-05,3.10189e-16,0.0006289,6.68233e-16,0.0017323,4.64537
14,94.4,0.000647,14.3,0.000169,0,1.79e-05,2.66e-05,3.11204e-16,0.0005989,6.30192e-16,0.0015989,4.52866
15,99.6,0.0007133,15.4,0.0001939,0,1.81e-05,2.4e-05,3.20708e-16,0.0006281,8.14219e-16,0.0018659,4.86854
15,98.8,0.0007361,15.4,0.0001941,0,1.73e-05,2.5e-05,3.04782e-16,0.0006491,6.45907e-16,0.0018779,4.88921
16,101.7,0.0008115,16.5,0.0002285,0,2.07e-05,2.79e-05,3.01464e-16,0.0007405,8.19481e-16,0.0020971,4.99675
17,102.3,0.0009203,17.6,0.0002716,0,2.08e-05,3.77e-05,3.82208e-16,0.0008627,8.19965e-16,0.0024952,4.92926
18,105.2,0.0009592,18.7,0.0002847,0,2.27e-05,4.23e-05,3.65663e-16,0.0010089,9.06027e-16,0.0030311,5.31832
19,105.3,0.0010115,19.8,0.0003172,0,2.38e-05,4.18e-05,4.51231e-16,0.0011674,9.5795e-16,0.0033493,5.60842
20,105.1,0.0011351,20.9,0.00038,0,2.7e-05,4.81e-05,4.46864e-16,0.0013882,1.18131e-15,0.0040442,5.9812
21,107.7,0.0012204,22,0.0004173,0,2.69e-05,5.69e-05,4.72285e-16,0.0015983,1.21539e-15,0.0047093,5.71726
22,110.5,0.001331,23.1,0.000478,0,3.25e-05,6.43e-05,5.13394e-16,0.001721,1.19953e-15,0.0053697,6.35553
23,110.6,0.0014409,24.2,0.0005573,0,3.66e-05,7.5e-05,4.99036e-16,0.0018777,1.22971e-15,0.0063085,6.21403
25,114.9,0.0016593,26.4,0.0006018,0,3.39e-05,8.08e-05,5.89115e-16,0.0022719,1.58714e-15,0.0079508,6.61804
26,112.9,0.001711,27.5,0.0007067,0,4.28e-05,0.0001011,6.15256e-16,0.0027063,1.41313e-15,0.0089208,6.46278
28,114.4,0.0019956,29.7,0.000857,0,3.79e-05,0.000118,6.64525e-16,0.0030135,1.59233e-15,0.0104465,6.69001
30,117.1,0.0022233,31.6,0.0010093,0,4.63e-05,0.0001426,6.41333e-16,0.003651,1.58098e-15,0.0128867,6.90531
32,119.5,0.0029844,32.9,0.0014615,0,5.46e-05,0.0001824,6.93591e-16,0.0046119,1.932e-15,0.0160951,7.32374
34,117.9,0.0032195,34.2,0.0014873,0,5.14e-05,0.0001754,7.61937e-16,0.0048874,1.92981e-15,0.0165656,7.61604
36,120.6,0.003212,35.1,0.0016151,0,5.53e-05,0.0001964,6.86174e-16,0.005481,1.92846e-15,0.0201849,7.71397
39,118.8,0.0036045,36.2,0.0018617,0,6.38e-05,0.0002496,8.79497e-16,0.0067104,2.00338e-15,0.0258569,7.69039
42,121.5,0.0039044,37.1,0.0019582,0,6.4e-05,0.0002822,9.18163e-16,0.0081311,2.26896e-15,0.0320615,8.17734
45,121.5,0.0044557,38.4,0.0024206,0,7.83e-05,0.0003797,8.80816e-16,0.0102727,2.39039e-15,0.0401737,8.4366
48,124.5,0.0047983,39.4,0.0025916,0,7.98e-05,0.0004302,9.97047e-16,0.0117569,2.64395e-15,0.0486128,8.77734
52,127,0.0057286,40.3,0.0030097,0,8.99e-05,0.0005309,1.14733e-15,0.0150017,2.87813e-15,0.060966,9.25516
56,125.1,0.0061251,41.3,0.0037663,0,0.0001236,0.0007437,1.17722e-15,0.0189924,3.0127e-15,0.0784084,9.5706
60,127.3,0.0074307,42.2,0.0039998,0,0.0001155,0.0008288,1.30185e-15,0.0231629,3.04712e-15,0.0973255,9.81477
65,127.5,0.008279,43,0.0045464,0,0.0001236,0.0009907,1.37179e-15,0.0278655,3.54707e-15,0.126245,10.2474
70,129.8,0.0105578,43.6,0.0060718,0,0.0001892,0.0013363,1.40483e-15,0.0396455,4.09144e-15,0.178217,10.3512
76,128.3,0.0132964,44.3,0.0077098,0,0.0002346,0.0022131,1.55973e-15,0.0585387,3.85818e-15,0.266381,10.8875
82,127.6,0.0120295,45,0.0074062,0,0.0002313,0.0022866,1.69462e-15,0.0586357,4.82559e-15,0.281851,11.7193
89,132,0.0142166,45.8,0.0083651,0,0.000251,0.0027346,1.90063e-15,0.0736153,5.0197e-15,0.362012,11.9181
96,131.8,0.0166886,46,0.0096304,0,0.0002563,0.0032899,2.02932e-15,0.094991,5.09977e-15,0.488653,12.246
104,130.4,0.0176811,46.8,0.0104432,0,0.0002924,0.0041495,2.14362e-15,0.110168,5.66289e-15,0,0
112,132.1,0.0205306,46.6,0.0123475,0,0.0003752,0.0055555,2.4431e-15,0.139423,6.25812e-15,0,0
122,133,0.0231948,47.4,0.0146043,0,0.0004006,0.0068104,2.57724e-15,0.170667,6.67721e-15,0,0
132,132.2,0.0237857,47.7,0.0154999,0,0.0004389,0.0085035,2.84512e-15,0.20655,7.24949e-15,0,0
143,131.9,0.0273524,48,0.0174339,0,0.00047,0.0107883,2.9889e-15,0.264382,7.85398e-15,0,0
156,133.8,0.0345276,48.4,0.0210469,0,0.0006364,0.0136033,3.45329e-15,0.334919,8.83238e-15,0,0
169,134,0.0386646,48.4,0.0237999,0,0.0006636,0.0165765,3.63708e-15,0.419529,9.94195e-15,0,0
184,133.3,0.0453356,48.8,0.0279371,0,0.0007922,0.0218526,3.86535e-15,0.540456,1.04523e-14,0,0
199,133,0.0522265,49.2,0.0327588,0,0.0008829,0.0274486,4.29867e-15,0.681534,1.13438e-14,0,0
217,134.2,0.0635282,49.4,0.0380967,0,0.0010316,0.0352754,4.48421e-15,0,0,0,0
235,134.8,0.0730329,49.4,0.0435191,0,0.0011519,0.0449822,4.97063e-15,0,0,0,0
256,134.4,0.0853309,49.4,0.0522604,0,0.0013863,0.0580331,5.27257e-15,0,0,0,0
278,134.9,0.0992942,49.6,0.0611508,0,0.0016664,0.0732271,5.76807e-15,0,0,0,0
303,135.5,0.116824,49.8,0.0701574,0,0.0019011,0.0926764,6.67076e-15,0,0,0,0
329,136,0.134361,50.4,0.0835447,0,0.0022397,0.118768,7.02297e-15,0,0,0,0
358,135,0.157409,50,0.0971034,0,0.002662,0.154196,7.46427e-15,0,0,0,0
390,135.8,0.185721,50.3,0.113655,0,0.0030752,0.196702,7.93807e-15,0,0,0,0
424,136.2,0.217501,50.6,0.134774,0,0.0036317,0.253274,9.31075e-15,0,0,0,0
462,137,0.260744,50.6,0.159617,0,0.0044976,0.329221,1.02419e-14,0,0,0,0
503,136.3,0.298162,50.6,0.185521,0,0.0051843,0.419075,1.06453e-14,0,0,0,0
547,137.3,0.35413,50.6,0.218618,0,0.0060443,0.533203,1.15299e-14,0,0,0,0
596,136.4,0.41654,50.6,0.259716,0,0.0073074,0.692425,1.26657e-14,0,0,0,0
649,137.2,0.499444,50.6,0.309184,0,0.0090805,0.901188,1.39001e-14,0,0,0,0
706,136.9,0.58889,50.6,0.367253,0,0.0111519,1.15723,1.47574e-14,0,0,0,0
769,137.7,0.704289,50.7,0.439226,0,0.012709,1.50425,1.63171e-14,0,0,0,0
838,137.9,0.829309,50.7,0.509937,0,0.0143495,1.93914,1.76753e-14,0,0,0,0
913,138.1,0.974902,50.8,0.607133,0,0.0164041,2.51418,1.90498e-14,0,0,0,0
994,138,1.15316,51.5,0.726383,0,0.0201344,3.23736,2.09302e-14,0,0,0,0
1083,138.4,1.36973,51.6,0.856851,0,0.0233398,4.17312,2.28349e-14,0,0,0,0
1180,138.6,1.62034,51.6,1.02117,0,0.0275045,5.38386,2.44871e-14,0,0,0,0
1285,138.5,1.92098,51.7,1.21414,0,0.0325208,6.97664,2.71311e-14,0,0,0,0
1400,139.2,2.28195,51.7,1.42562,0,0.0385251,8.99412,2.92363e-14,0,0,0,0
1525,139.2,2.71305,51.7,1.70224,0,0.045925,11.5368,3.21013e-14,0,0,0,0
1662,139.3,3.21102,51.7,2.00975,0,0.0565404,15.0056,3.49885e-14,0,0,0,0
1811,139.8,3.85012,51.7,2.3906,0,0.0680636,19.3527,3.84624e-14,0,0,0,0
1973,139.9,4.55327,51.7,2.83729,0,0.0804873,25.0022,4.10755e-14,0,0,0,0
2150,140.3,5.43173,51.7,3.36723,0,0.0947563,32.3608,4.53538e-14,0,0,0,0
2343,140.6,6.49368,51.7,4.0076,0,0.108415,41.805,4.96404e-14,0,0,0,0
2553,140.7,7.74466,51.7,4.78787,0,0.133026,53.9613,5.4288e-14,0,0,0,0
140.8,9.70349,51.7,5.95046,0,0.164064,73.4128,5.87109e-14,0,0,0,0
3032,141.1,11.2585,51.8,6.948,0,0.184825,92.2131,6.33852e-14,0,0,0,0
